30.73
10.26
15.39
30.77
15.42
10.31
15.44
5.24
10.40
15.53
5.33
15.58
15.66
-4.82
15.69
0.35
0.38
5.51
20.90
0.43
15.83
26.15
5.73
5.74
16.01
-4.43
16.07
5.93
5.94
21.29
-9.39
-4.26
21.33
16.32
16.33
31.68
11.24
21.51
1.04
11.28
21.54
11.31
-9.14
21.71
21.72
16.64
11.54
11.56
26.94
-3.77
1.36
6.51
16.75
16.78
-3.63
1.53
16.93
22.05
1.61
6.77
1.69
1.71
-3.40
1.72
1.73
6.92
-8.43
17.17
17.18
6.98
27.50
37.74
1.94
7.07
1.96
22.51
22.56
2.09
27.69
22.60
22.61
7.34
-2.89
2.30
7.43
-2.80
22.79
27.93
7.48
7.51
7.53
17.81
7.65
-7.68
2.68
38.55
-2.28
-2.26
-2.25
13.11
23.35
18.30
-2.16
28.59
-2.05
8.19
3.09
8.20
-7.12
-1.99
23.64
3.17
3.19
8.68
18.92
24.05
3.59
18.96
24.07
13.86
8.77
19.01
8.80
-1.42
13.94
29.31
-1.39
19.12
3.78
19.14
3.80
8.99
9.00
9.01
3.96
19.32
24.47
9.12
-1.08
-1.06
19.42
29.71
19.57
4.23
4.27
29.88
-5.94
19.70
24.89
9.54
-10.87
4.49
9.68
4.57
14.84
14.91
14.92
35.40
4.72
9.86
15.00
20.12
-0.33
4.80
4.81
-5.42
15.06
-0.26
4.87
4.88
4.91
15.15
15.16
25.42
-0.15
4.98
4.99
10.11
15.21